m= 2 0.585909716858822
m= 3 0.585909716858822
m= 2 0.613526335866434
m= 3 0.613526335866434
